2021-11-19_16-58-08-500.jpg 421,584,1726,756,4 465,188,634,560,3 300,746,403,1072,3 682,249,796,320,5
2021-11-19_16-58-32-772.jpg 1752,569,1916,660,4 383,388,951,441,4 75,196,554,336,6 1423,146,1545,194,0 1800,356,1884,552,3 1680,666,1762,870,3
2021-11-19_16-58-51-132.jpg 1695,20,1916,104,6
2021-11-19_16-59-01-212.jpg 432,188,1189,413,6
2021-11-19_16-59-55-901.jpg 17,9,446,194,6 229,28,351,80,0 598,95,705,152,0
2021-11-19_17-00-46-917.jpg 126,426,274,491,0 1179,524,1596,750,6
2021-11-19_17-00-48-980.jpg 1166,533,1330,661,6 124,417,271,483,0
2021-11-19_17-01-12-236.jpg 1168,289,1579,327,4 1385,342,1602,371,4 1415,243,1573,270,4
2021-11-19_17-01-50-974.jpg 356,514,1518,558,4 196,620,1554,681,4 29,739,1592,786,4
2021-11-19_17-02-05-93.jpg 996,548,1808,828,4 464,382,858,571,4
2021-11-19_17-02-24-996.jpg 1381,659,1888,853,4 463,400,752,497,4 831,508,1253,651,4
2021-11-19_17-02-59-164.jpg 983,384,1276,531,6 1236,556,1497,689,3
2021-11-19_17-03-15-740.jpg 46,219,1461,1072,3 1545,149,1886,318,3
2021-11-19_17-03-52-917.jpg 23,154,1815,643,6 1114,209,1482,331,0
2021-11-19_17-04-39-532.jpg 867,711,1124,838,6 29,428,480,523,6
2021-11-19_17-05-02-453.jpg 808,745,1450,852,6 8,929,652,1068,6 1438,668,1718,750,4 1375,371,1775,460,0
2021-11-19_17-05-30-461.jpg 8,676,177,794,6 1238,502,1339,641,4 10,540,520,571,4 1429,676,1644,712,4 1482,824,1739,872,4
2021-11-19_17-06-47-300.jpg 25,510,1762,575,4 1168,131,1699,207,6 1791,489,1916,582,0
2021-11-19_17-07-35-260.jpg 549,403,949,440,4
2021-11-19_17-08-55-157.jpg 29,419,252,716,3 246,232,408,420,3
2021-11-19_17-08-58-85.jpg 286,224,431,403,3 11,424,263,740,3
2021-11-19_17-09-13-61.jpg 1078,287,1600,445,4 636,444,1212,632,4 352,648,870,825,4 139,828,638,977,4
2021-11-19_17-09-29-164.jpg 1070,761,1912,984,4 379,600,768,718,4 777,712,1067,817,4
2021-11-19_17-09-41-645.jpg 15,196,791,253,4
2021-11-19_17-09-46-565.jpg 912,588,1781,630,4 819,677,1773,725,4 741,752,1832,800,4
2021-11-19_17-10-45-693.jpg 375,259,1095,283,4 10,643,1057,727,6 1659,565,1897,651,6 1111,144,1305,220,6
2021-11-19_17-10-58-581.jpg 21,722,1088,871,6
2021-11-19_17-11-27-396.jpg 19,758,815,845,6
2021-11-19_17-11-28-853.jpg 450,780,804,845,6
2021-11-19_17-14-24-501.jpg 660,459,1618,773,6 1311,539,1493,620,0
2021-11-19_17-14-41-333.jpg 432,161,652,243,0
2021-11-19_17-15-05-685.jpg 1173,388,1745,544,6
2021-11-19_17-15-32-85.jpg 861,289,1827,535,6
2021-11-19_17-15-33-677.jpg 863,285,1726,529,6
2021-11-19_17-16-37-173.jpg 1139,293,1613,331,4
2021-11-19_17-16-47-566.jpg 1038,535,1459,571,4 402,782,952,824,4 1522,533,1646,569,0
2021-11-19_17-16-48-669.jpg 1520,529,1644,571,0 613,801,996,833,4
2021-11-19_17-17-05-501.jpg 129,747,1573,806,4 1642,744,1890,803,0 989,350,1514,441,6
